a:3.346785886901885	
b:4.482336481287163	
c:6.290280495759948	
d:5.166494312306101	
e:5.2363813229571985	
f:4.805200528867342	
g:5.282954545454546	
h:3.864856801909308	
i:2.4654599187292203	
j:5.185840707964601	
k:4.892857142857143	
l:4.763523956723338	
m:3.8817040699885887	
n:3.8699780861943025	
o:2.86908077994429	
p:6.119469026548672	
q:5.762962962962963	
r:5.900485436893204	
s:5.040145157632116	
t:3.9248951582157834	
u:5.591324200913242	
v:5.582456140350877	
w:4.626708428246014	
x:3.7903225806451615	
y:3.903636363636364	
z:7.0	
